0.288868419678718 0.7196974744511546 0.7059272356345412 0.16442284193773526 0.7617183384066026 0.9242256636754915 0.5071062628424585 0.2236678316454105 0.40744925698415435 0.307762445416612
0.7855145725699825 0.6422417486531878 0.10593774107009302 0.04454392834295262 0.7718789864968133 0.4904807120846416 0.9693088974508418 0.12713142511265885 0.5764354220435728 0.45936986637867083
0.28966010615296534 0.9367040540571618 0.6317753748648584 0.5636920673506655 0.5686018444503356 0.805188104528241 0.9828064007603847 0.5834916739913713 0.2899921606188357 0.021648663959152215
0.9585514084088966 0.8357004552245013 0.9000613483034214 0.1659942981852991 0.32169079030856274 0.40545560325336705 0.3948654263165192 0.727353189359124 0.6657689891611883 0.5411008565913596
0.5624366719796182 0.6431866509166991 0.9624818431750493 0.8653265076292614 0.833978115959114 0.1413721641685426 0.8534615503166272 0.2995626004685147 0.1357601221965088 0.6804074811066797
0.07947425738852809 0.6081041376697724 0.86435124139919 0.7330351649061215 0.6757347436144229 0.29240247867049285 0.834906527253297 0.3622496485519241 0.7609126159233842 0.7751558240643479
0.20318281182022457 0.4500020539110947 0.9911020130547569 0.8922581315534029 0.14159127782613867 0.7398250802486865 0.7414404587864426 0.10775625169856584 0.7983930683090463 0.5544779140379078
0.30122013065414266 0.834680994911021 0.7344213677870232 0.7966807063422029 0.047823122978698285 0.7586315074031401 0.8948986076367024 0.5011503772008521 0.68171086218551 0.017470802440567867
0.10045819774989029 0.6397388527048963 0.5479233441761038 0.36318188442197397 0.8565107924302844 0.03265897993600542 0.6850442046965912 0.9815174869090384 0.6031174962478683 0.5360515614094444
0.11978362011368338 0.5000319332491282 0.44452066340980956 0.37496770748050856 0.05458199744283665 0.6686232635757121 0.09925922923932451 0.20058747927855558 0.5883138858171411 0.40230416473730757
0.9426335741007961 0.8196091593538078 0.8392523239989441 0.16102717233353697 0.3595798975384118 0.41043320632587144 0.4420167201665037 0.6784431249857519 0.6555701573001042 0.5356069197503994
0.22653074764881623 0.6755561386894277 0.7070099220133016 0.6701682768880592 0.1784064201869127 0.6611747744423725 0.6826140530425744 0.4140836934419624 0.6681174439536962 0.25807803394515616
0.7530668346283361 0.7080207938041664 0.4276321129392403 0.10700203100894774 0.6391541834586575 0.5313195422283401 0.7370149198728955 0.3127561924980287 0.5750747243336157 0.4588602354072805
0.33319165941821305 0.6416594017445978 0.6185349296568183 0.42584139831026907 0.707689105608769 0.4342908820386763 0.8003167705035623 0.31489077380746083 0.6470268809690588 0.5992761325856185
0.8869152240790878 0.7881706560793394 0.8178205346459584 0.20511743491818274 0.36663940767867725 0.4324789949515348 0.48532066985225164 0.6177115778620669 0.6588720262201505 0.5347130998981177
0.6114305391199679 0.6448257277168696 0.5549863087774896 0.44574145313059876 0.7789762288526679 0.34092084135029965 0.8835061881516111 0.23843094803469964 0.41520253335249613 0.5745816007841948
0.8615911877343375 0.738640630998089 0.5170561825490092 0.11880783867688346 0.5388681281960468 0.44984354947127775 0.6784975406456994 0.43157005342446436 0.6221368713330352 0.49931002483987047
0.2852938439680658 0.8251980742295342 0.6903782445522075 0.6037793448119995 0.3587643677714076 0.7425345522005523 0.836033771937789 0.506591652074529 0.5218716326206554 0.11207723575503478
0.29655178182955777 0.8466980600170197 0.7037965061800594 0.702065951524712 0.22125870567090694 0.7597754353473903 0.8904761058478523 0.5142002894088151 0.5729549756918395 0.04832105502113507
0.12613807023168308 0.6347686067650288 0.7460684701667207 0.5582356473020376 0.7217212274244486 0.26960603024698954 0.7531876303629922 0.5592292257146785 0.6771702208125201 0.6427155291178286
0.29365467563233405 0.8310684113031842 0.6788033641587653 0.6090458905104781 0.4972480199331863 0.6842751262820526 0.8743405782584505 0.4953862357490613 0.3984060323119938 0.1769695306032158
0.4106548796150622 0.7037453389395076 0.6269183346487703 0.44628071604869113 0.6393670688874081 0.4773431128735555 0.8195091377440185 0.3818740560901277 0.5726286836835707 0.4872699197241372
0.2928965087337329 0.8601284508921592 0.6860857237583268 0.6578057108474941 0.34373599155660756 0.7535201289706964 0.9049534985893966 0.5233694364325627 0.48408297346392554 0.0699862941779766
0.44357542721676074 0.771725086457144 0.6014163335611551 0.47432220596194635 0.5538521834142103 0.5952640669479792 0.85919907712891 0.4170345690450351 0.4828107367779516 0.30018503207257424
0.5094110714714817 0.6151216735386442 0.7947518725429357 0.5293058959553142 0.29937777495846357 0.5989502477422551 0.6747130151085213 0.3187813626491803 0.7088632406590871 0.5015824180497039
0.38961633591293454 0.6647372851406533 0.5508734646545498 0.3328765451812758 0.6335772086399011 0.3379674730349529 0.7046370235006967 0.6112957600386739 0.6162011234706234 0.473324461028536
0.1130406170156313 0.616440299842538 0.555641963686746 0.39375964682260356 0.6901977156743728 0.18193060132314534 0.5957318321411588 0.7866193208113325 0.6103235212410035 0.5194229839347276
0.4145636381482922 0.7868425988366802 0.6113237937428074 0.5190334520934523 0.5863930227936583 0.6033937310713791 0.8991278647494203 0.4231497385903424 0.4229737333202933 0.2764103794076188
0.8817158513561212 0.795883245162233 0.7657027516875518 0.18038652727123428 0.4018258661434187 0.4342603930825294 0.5130922206281879 0.610870361349474 0.6433795906005756 0.5141027689290242
0.39589324788339175 0.6525422010706152 0.8665191886693222 0.780026047053545 0.40947020271219536 0.49948342807399526 0.8079413880595336 0.32609026418208925 0.5169372529648751 0.45245357329752933
0.29341856619144374 0.7031549093330889 0.6209034184609388 0.430253769763123 0.5738005879380166 0.3262397002466246 0.7001441755275266 0.7278638170585503 0.6163324936188698 0.4092674223095513
0.30088616885312564 0.7492159596535287 0.609636724104976 0.44416051889239094 0.6049176101992131 0.44900603941233597 0.7727073872622426 0.6508384181578956 0.525919032093603 0.34062669139242974
0.29272737435523605 0.5674172721811531 0.8096579660427558 0.6860165466945112 0.5447710386893502 0.39808507416996003 0.7756124771795143 0.36496817696417055 0.5947777253717388 0.5914948821385742
0.53550009310562 0.6393252474849954 0.9300149620227672 0.8245507877203614 0.7934278425135752 0.17963600679154093 0.8184865434984323 0.30424743322183556 0.17638143510495397 0.6591363760898106
0.19304896168804817 0.5915514247031493 0.5695508315530863 0.5021691184583622 0.13642131414641367 0.6821379601166127 0.39023574175410414 0.2783731064845454 0.6112341037040232 0.3345243331955558
0.18581215115591362 0.6385493692458271 0.5994779915456984 0.40501069159136865 0.6535018011580006 0.28164974054550274 0.6214676988677067 0.6780325949657641 0.6079676526379341 0.5081753046315466
0.2975152294110219 0.8656433102288212 0.6676139098546453 0.6084912942214717 0.4252117931977465 0.7498493230860921 0.9054246942353994 0.5322724225764945 0.4380974008172637 0.08498784741262794
0.6727792957236478 0.7051824651041674 0.4628365058947886 0.21218060499860336 0.6161710696642217 0.5245639475650762 0.7806684109376085 0.32145318570185505 0.5732371057645879 0.44526267926475616
0.7958263971675785 0.7154487442844684 0.46176602595068694 0.13401872200954074 0.5866327540445365 0.4801988579334175 0.7292550885775502 0.36320435342159546 0.6030828540907385 0.4828789374723477
0.2023573589368896 0.7045764452648526 0.6162453316804819 0.5021394255827184 0.5148472980936588 0.3822308934045471 0.7110631307039851 0.7063780349485943 0.6085604801020977 0.34304833591074496
0.2468960332897806 0.7411665023834985 0.6685137564805784 0.5922224707061522 0.37254380823066435 0.5690925888691942 0.7549995726664923 0.5346333184999355 0.6006970273510035 0.26710004948031196
0.6766732775636177 0.697054055370026 0.5007960017652541 0.2368605579108784 0.6154535027754261 0.4604477684598501 0.7625102818030656 0.361830633055447 0.5828298060083859 0.4904870394812668
0.4181103109118059 0.5710140685700507 0.6956816484795858 0.5320947058382893 0.4826140263935271 0.6344736571206158 0.7680826747374314 0.1613185955894983 0.603814707484755 0.4987644529000744
0.9129527316422856 0.8118111217061863 0.824424080146239 0.1762220140207639 0.3670145659753834 0.4217180950568844 0.4620113969024387 0.6601524971947194 0.6527180365341142 0.5261332541189714
0.314800697900016 0.7581752494394273 0.6841942220677666 0.594796446910249 0.3890946090622136 0.6223651197110455 0.79076113806931 0.4787886462661643 0.5432702678315217 0.2513283997464458
0.24788840265562653 0.6342840517711148 0.7193515318907103 0.6330800602297264 0.2907302336555906 0.6160678472352998 0.6641595944297236 0.3337749336094724 0.6418049370572408 0.39031708955861033
0.2925361428389491 0.9134815073107871 0.6428619158512084 0.577934470757435 0.5298010399499447 0.7837604824319702 0.9588040743308283 0.5658507136448953 0.33182158066151957 0.046441686513810435
0.2798869382911859 0.6253197528416832 0.6452253749142741 0.4699780125886783 0.6152764726686143 0.3923315277377988 0.7345780768542298 0.4779730422763008 0.6392221706773388 0.5346535690084153
0.44853845700231787 0.7593646846597878 0.7314373453007591 0.5441549920411256 0.3275828957297042 0.6416665892188278 0.7489055760808422 0.46210557672647573 0.5883251200374015 0.28958868128362336
0.5689551800482379 0.6569136556507432 0.8041366364010688 0.6667308109627177 0.7659683957471396 0.2570284956541879 0.8269691759345027 0.3119627056806792 0.28232243748753777 0.6114990533162861
0.2736280945046856 0.8399809439000094 0.6455001266645121 0.5654693274082343 0.5137820891890444 0.6561508618868724 0.8832225476052152 0.5844674397081285 0.43581083528716197 0.15591634495966183
0.29387598041168694 0.8264585572853484 0.7241064786674765 0.77004230593164 0.0909950879014579 0.7402613173904298 0.8809215269863083 0.509041070460651 0.6648349158222986 0.04070215871180112
0.25351179278039393 0.5984500348145833 0.6958726308173789 0.45306526439563716 0.5507802093523766 0.5668957156007419 0.6512439940453845 0.3929580688677853 0.6119233931347878 0.4674170771914701
0.29862387710936983 0.6172324789245495 0.8841655786160674 0.83459659220195 0.2456042917441365 0.6341285318248957 0.8074048928282886 0.2846368404366269 0.6412260158813263 0.3958269024098741
0.34287887198319184 0.6135884327067638 0.6860954584501715 0.5406615043875936 0.517418790937203 0.49999988988207206 0.7703796897881678 0.32914927298938235 0.641090933491106 0.5169217178813349
0.35880475351466756 0.6819629494923319 0.6582313714382335 0.33043097558294143 0.6178818295107363 0.2606018847454933 0.5767649607368218 0.7582701240122923 0.6195303757969054 0.5187559930018579
0.4694549627523128 0.6646647158662806 0.619104070458357 0.4228282954055394 0.5212557960553557 0.5097321582140825 0.7511717769784365 0.37581933566283093 0.6078740317721154 0.46033036664080673
0.5209165529380091 0.6635996041835412 0.8895035089313615 0.7701851449161998 0.7755655232369013 0.24983749645956063 0.8300205392753571 0.32138364921506685 0.20971191931670496 0.6027280159422643
0.6994080973590734 0.7356917820716052 0.7652073582748411 0.30951566385974927 0.3555544882396402 0.4753898286083048 0.5063857467515074 0.5281571060717047 0.6275539603840562 0.4956637476192883
0.2928789358623488 0.7032024210540841 0.641221077488402 0.4811350652938445 0.5709077778797718 0.4316356025279138 0.7375052431311151 0.5805538295417678 0.5614817604899935 0.3986055890137346
0.43568813564745745 0.7821868114486431 0.6942739319318804 0.5149550722002287 0.35549705815573096 0.623734156997915 0.7457560742106368 0.501980487769368 0.5683675952701571 0.2637436368891457
0.3247167594644026 0.5805335927699393 0.8016982052738045 0.6578817819796648 0.2503719282377912 0.6566023894100592 0.6810370171894841 0.26469675409746807 0.6909938253555229 0.45170384918064926
0.2685491482292198 0.7133334793552005 0.6947901328436228 0.5671351162770025 0.5453408896927505 0.5209449938958378 0.8115511486300494 0.46389833019302 0.5752554547491622 0.4049156939317124
0.7372295514982515 0.7089856468966903 0.4975772148552408 0.18525793061985835 0.585076023739887 0.4805422595563521 0.7294683592864385 0.3703973721708829 0.596694872487526 0.4821458185912575
0.31008432940033354 0.8317688385750889 0.6791320055684142 0.6272693558637944 0.3633417734005831 0.7111582032521786 0.8740085258276094 0.5143347506384532 0.5039633575072153 0.1253257648660591
0.29277763452979105 0.8345313279599851 0.658345718893807 0.5722226395924842 0.49981190999481057 0.6710171039609417 0.8812040302582507 0.5451250591626162 0.44272283771671417 0.16893369141901438
0.5095925044764961 0.7017139727547069 0.728643398107732 0.3909304740873316 0.5851043193012307 0.3088316467086293 0.6222019112026276 0.6130911197999384 0.5654827905011138 0.5435267331851644
0.6744493676124833 0.7457158383130915 0.7573588395460431 0.28938686606752123 0.3777752482885719 0.4387967021798483 0.47983907372959234 0.5881375274139983 0.6197814980131383 0.495717510316155
0.19974656927169104 0.6506477226163209 0.6043928117189702 0.42236353028770696 0.633874302467074 0.2708136539491854 0.648268260112311 0.7310090523587915 0.6097980601228935 0.47433663842397844
0.3638204638679936 0.608327355444646 0.7477783020072889 0.47319638760884386 0.29193330059044087 0.6741224396628216 0.5076046436010488 0.29359300597304183 0.6390447518213764 0.44508146928984976
0.22133085732075108 0.5078667207544724 0.8858116204060549 0.7808389815225304 0.21522492205919938 0.6721480243089111 0.6980498398360915 0.19545339895716565 0.7401535671487105 0.5160224273557846
0.6178239701424877 0.7338826150319689 0.7389256625570241 0.33228771995517137 0.2720691664482569 0.5145155134601479 0.45166690414842187 0.5327884915784794 0.6353073082802124 0.4389068356515417
0.27601448054735844 0.6639360218579806 0.6255773282559796 0.42068342464446884 0.7079636351691531 0.22332593775378823 0.683120597040707 0.7223379484933785 0.5564494758421392 0.5104114359831043
0.4532888631659276 0.7515027898234314 0.7418115779605504 0.5237690155189789 0.30421089375558946 0.618514884914212 0.6867155823485797 0.47905560473225045 0.6033546382778932 0.31076602583455354
0.6058900540248909 0.7109361523187314 0.5425300968050856 0.278419995418329 0.5851890050224138 0.5101097560145458 0.7499273661243411 0.3860829577736086 0.5755108635784167 0.4463792019452356
0.5381830581274293 0.6988224592552008 0.5837529661746056 0.3222556226839678 0.5606129460673955 0.4787066347183375 0.7185855638196168 0.4471248696669425 0.5928514219428337 0.45303801079810857
0.20089999837651615 0.4763094577644331 0.9516239257784936 0.8460231016664715 0.20611179223642143 0.6860744035413908 0.7389267482674107 0.15849762447851676 0.7788627049864146 0.5581020581885874
0.7182142338506396 0.7098730637861854 0.4806915113027527 0.17527990213899644 0.6026968703004842 0.4773587580567302 0.7330301892024982 0.3822155167664556 0.593031012206268 0.47338684170186174
0.8357647365300703 0.7670255144182365 0.6825984418869507 0.17892700091066288 0.4517591533534889 0.44799020512557597 0.5685801905260511 0.5381227782339689 0.6302248019772219 0.5051673639943811
0.2969562222215562 0.8528285260695576 0.6676642543093599 0.6053498911960341 0.4293785095619687 0.7267540294864979 0.8926871481203814 0.5318158212069627 0.44726801891135914 0.11036622128596543
0.0545762954950916 0.1445356048750317 0.12437202368566916 0.10548589878471469 0.08719340014718237 0.1127075608862005 0.15520163391880645 0.09344210250733127 0.07193716700122636 0.05054831269874602
0.05410719062644577 0.13254383329146938 0.12332934334610353 0.10534309538413472 0.08507246028897113 0.1025648048662485 0.14028127116004935 0.09609031206958993 0.10663587462278466 0.0540318143442031
0.07276906692223187 0.12723660923769017 0.12957543221584863 0.09409694222083315 0.11133664326285397 0.05070500074236204 0.12650663110391963 0.09900166524014951 0.08122577165425894 0.1075462373998521
0.08397376539462813 0.14202531271138183 0.13596531997381017 0.10160646698401499 0.04089650985914255 0.1207679129725138 0.13052796626965837 0.09502573050582601 0.10199524026000475 0.047215775069019424
0.1336443441119833 0.13741975341028353 0.07396569270988301 0.030360249014950578 0.12362710398331551 0.09236271906914684 0.13862871266188972 0.06061353747901938 0.1159512644210279 0.09342662313850011
0.10919918641646868 0.1349282082271908 0.14049477843656824 0.07049916222311418 0.06970007487667894 0.08768022556701992 0.09623876257579993 0.09686783920435235 0.10915320857492047 0.08523855389788645
0.06794271098370067 0.13244688130738153 0.13445880383302394 0.0940388820301496 0.09813379760987842 0.08469076366607232 0.13009760982431343 0.0778177978761651 0.10081311119934054 0.07955964166997448
0.07344645770134069 0.12544468900666034 0.13964733811324698 0.11133759151694449 0.06518669614866558 0.11196820842926386 0.12532312442075394 0.0654205636044856 0.1161187552336362 0.06610657582500246
0.12218255194512259 0.1305772552634384 0.12361744630310019 0.07607460479687912 0.10099904690180765 0.07862991998536907 0.11500624476487559 0.06739175808374297 0.084015273257061 0.10150589869860352
0.07056325417110289 0.13994943939215407 0.13528765930844058 0.10852420508799575 0.10159580371074384 0.09074511989196081 0.14891168895559914 0.08043556110105662 0.07442937835064097 0.04955789003030521
0.04471527037707655 0.12708342173146414 0.12887340149878815 0.09387642506130238 0.10057263167072514 0.07099681219358249 0.1292052017057111 0.11141795823395455 0.11490972828583301 0.07834914924156255
0.10863204809708249 0.14243784932626297 0.1413626934502625 0.06857643569755287 0.06598801558948617 0.10073340692617291 0.11189497125845778 0.09405741332654964 0.10334249101616874 0.0629746753120041
0.062190669832506484 0.14049424318465578 0.1294735611955818 0.12598147594312634 0.06071520224233016 0.118212371222447 0.15332186405151757 0.08188503121423271 0.10036925460397554 0.027356326509626522
0.07805839219055287 0.1234227682399794 0.13898837281387424 0.08574282818292486 0.09160538538503266 0.09625692420453598 0.1256694574748209 0.09039602357372488 0.09004501544233928 0.07981483249221503
0.0876599002790314 0.11947690798731864 0.13085811395996444 0.09536568935449695 0.1257135895578609 0.0625770131087658 0.15007454296152412 0.06572132101610062 0.062317438072080636 0.10023548370285625
0.06527874990065545 0.12407563623869704 0.1359378455118328 0.10435517354469072 0.08007096114916548 0.11406377560929105 0.12407805871477055 0.08057413776530901 0.11038427906784655 0.061181382497741285
0.08562845570566087 0.1162583010858659 0.15366365296367512 0.13746854952055537 0.1316374767638878 0.04110488678869335 0.13310869551518245 0.05186089760659957 0.03318589841126372 0.11608318563861586
0.04402916249873272 0.12289290213713464 0.12534031984427996 0.09073746154302968 0.10051842273991418 0.08949628699060701 0.11533243337360148 0.10248354912729692 0.12196601923696887 0.08720344250843441
0.08347493189437795 0.1220052953398973 0.14016473310264468 0.12230782156398785 0.12315543392688219 0.05140162610521778 0.1426203815912812 0.0553788573018007 0.0650329693200083 0.09445794985390206
0.14240495618832918 0.12948614064515954 0.055853951539633816 0.021005661242229245 0.1399782520582656 0.11366377699957173 0.1721111360848246 0.03113298405644387 0.10246129320676221 0.09190184797878014
0.09852609649870503 0.11129463113497923 0.1404442702486361 0.12609977396773783 0.14105737184240996 0.03706777391731855 0.1395106517756595 0.05294995555059637 0.04779092951106927 0.10525854555288809
0.030095750674877464 0.12685724987267907 0.12809769915896616 0.10836402739252338 0.07563205247740053 0.10736814312470257 0.09493571998788983 0.09897051758725735 0.13591350277270703 0.0937653369509967
0.08745681402298229 0.11446123580913659 0.13643140301435533 0.11626261887049573 0.08428111986296435 0.08573442294897377 0.13419529288393967 0.05071205882219674 0.08731461835942413 0.10315041540553137
0.0464544229347769 0.09583165937353436 0.16327544202883715 0.1446456648801776 0.030108665765458516 0.12248659117087578 0.13196701405124772 0.03657302565486796 0.13425336359653597 0.0944041505436881
0.04384548556870647 0.13592788618855253 0.12411055848801406 0.09150355664605733 0.10393243777435919 0.08217959921976242 0.1397473382608184 0.11921226134442252 0.0958225929178249 0.06371828359148216
0.08114858485913734 0.14600611803203511 0.11469990942912504 0.07653915367782727 0.08732407616528369 0.10553868700183029 0.13004759428517657 0.10792571609008697 0.09169224927359153 0.05907791118590626
0.07247272016033274 0.12315163507083558 0.14916352611810052 0.10779975814458978 0.05082985654192567 0.12205412486870683 0.11648427110572004 0.04988075433747111 0.1193847467967371 0.0887786068555805
0.12266507104661868 0.12866379936338232 0.1360278831654837 0.05489645936993469 0.09297927601462483 0.07020999379974141 0.11344293624297874 0.09362467482110895 0.09463209761529588 0.09285780856083083
0.06570916922634258 0.13535676429706317 0.12009462341534839 0.10746450069098396 0.07300847042322751 0.11495989405425115 0.14537682915305924 0.08016722511598766 0.09894653311205837 0.058915990511677965
0.06643675193880597 0.13034243274840196 0.11231153891632513 0.10454069945545719 0.07897973618769863 0.10866372422834505 0.14147591331801124 0.0909910501394449 0.10229162271796054 0.06396653034954945
0.10138655272013875 0.1185403965647486 0.1270513795574096 0.09578545346173525 0.1365594051141507 0.048917060171586924 0.14845456029106213 0.04995489109798487 0.06295783537304141 0.11039246564814176
0.0765680433164478 0.1268569685199752 0.1303985092445344 0.09918517403786378 0.06406401076635893 0.10047336205094318 0.12661172732734405 0.07991913374358606 0.11428604615910397 0.08163702483384255
0.06224714405913106 0.15331017344402456 0.11347893896956894 0.10082400531570153 0.09436116955903422 0.13077292200517232 0.16094246928169037 0.095695244187453 0.07349444983475716 0.014873483343466855
0.16590931769154874 0.14170378023147218 0.14095625154450656 0.031353664358886715 0.06369682140157953 0.07353299790613878 0.07466171600169075 0.11389743424883086 0.11237560170121866 0.08191241491412704
